%YAML:1.0
R: !!opencv-matrix
	rows: 3
	cols: 3
	dt: d
	data: 0.25881904510252074 0 -0.9659258262890683 0 1 0 0.9659258262890683 0 0.25881904510252074
T: !!opencv-matrix
	rows: 3
	cols: 1
	dt: d
	data: -10.993476074354966 0 21.118271052121024
CamParams:
	device_major_radius: 55
	device_minor_radius: 40
	sensor_resolution_x: 1280
	sensor_resolution_y: 720
	sensor_angular_fov: 145
	sensor_width: 3.88
	sensor_height: 2.18
	light_energy: 3500
